A=5.000000000000000000000000000000000000000000000000000000000000000000000000000000e-01
B=6.000000000000000000000000000000000000000000000000000000000000000000000000000000e+00
L=5.000000000000000000000000000000000000000000000000000000000000000000000000000000e+00
