A=3.500000000000000000000000000000000000000000000000000000000000000000000000000000e+00
B=2.000000000000000000000000000000000000000000000000000000000000000000000000000000e+00
Z=1.200000000000000000000000000000000000000000000000000000000000000000000000000000e+02
